[[0.5 0.  0.  0.5 0. ]
 [0.  1.  0.  1.  0. ]
 [0.  0.5 0.  0.5 0.5]
 [0.  0.5 0.5 0.  0. ]
 [1.  0.  0.  0.5 0. ]]
Agents [(0, 2), (0, 1), (1, 4), (3, 3)]
Dests [(4, 1), (4, 4), (1, 2), (3, 0)]
Rewards [28, 26, 28, 25]
Utilities: [23.0, 22.0, 24.5, 22.0]
Agent: (0, 2) Base Path: [(1, 2), (2, 2), (3, 3), (4, 2), (4, 1)] Base Utility: 23.0
Agent: (0, 1) Base Path: [(1, 2), (2, 2), (3, 3), (4, 4)] Base Utility: 22.0
Agent: (1, 4) Base Path: [(3, 3), (2, 2), (1, 2)] Base Utility: 24.5
Agent: (3, 3) Base Path: [(4, 2), (4, 1), (3, 0)] Base Utility: 22.0