Source: (3, 1)
Dest: (1, 4)
Waypts [(1, 1)]
Reward: 0
Base Path [(3, 2), (3, 3), (2, 4), (1, 4)]
Base U: -2.75
Help path [(2, 1), (1, 1), (2, 2), (3, 3), (2, 4), (1, 4)]
Help_U -2.1875
Cost -0.5625

[[1.  0.5 0.  1.  1. ]
 [0.5 0.5 1.  1.  X ]
 [0.  0.5 0.  1.  0.5]
 [1.  **  0.  0.5 0.5]
 [1.  0.  1.  0.5 0. ]]

 (3, 1)
[(0, 1, 0, -inf), (0, 1, 0, -inf), (0, 1, 0, -inf), (0, 1, 0, -inf), (0, 1, 0, -inf)]
[(0, 1, 0, -inf), (0, 1, 0, -inf), (0, 1, 0, -inf), (0, 1, 0, -inf), (0, 1, 0, -inf)]
[(0.0, 1.0, 1, 0.0), (0.5, 0.5, 1, -0.5), (0.0, 1.0, 1, 0.0), (0, 1, 0, -inf), (0, 1, 0, -inf)]
[[1, 0, 1, -inf], (0, 1, 0, 0), (0.0, 1.0, 1, 0.0), (0, 1, 0, -inf), (0, 1, 0, -inf)]
[[1, 0, 1, -inf], (0.0, 1.0, 1, 0.0), [1, 0, 1, -inf], (0, 1, 0, -inf), (0, 1, 0, -inf)]


(3, 2)
[(0, 1, 0, -inf), (0, 1, 0, -inf), (0, 1, 0, -inf), (0, 1, 0, -inf), (0, 1, 0, -inf)]
[(0, 1, 0, -inf), (0, 1, 0, -inf), (0, 1, 0, -inf), (0, 1, 0, -inf), (0, 1, 0, -inf)]
[(0.0, 1.0, 1, 0.0), (0.5, 0.5, 1, -0.5), (0.0, 1.0, 1, 0.0), [1, 0, 1, -inf], (0, 1, 0, -inf)]
[[1, 0, 1, -inf], (0, 1, 0, 0), (0.0, 1.0, 1, 0.0), (1.0, 0.5, 2, -1.0), (0, 1, 0, -inf)]
[[1, 0, 1, -inf], (0.0, 1.0, 1, 0.0), [1, 0, 1, -inf], (1.0, 0.5, 2, -1.0), (0, 1, 0, -inf)]


(2, 1)
[(0, 1, 0, -inf), (0, 1, 0, -inf), (0, 1, 0, -inf), (0, 1, 0, -inf), (0, 1, 0, -inf)]
[(1.0, 0.25, 2, -1.0), (1.0, 0.25, 2, -1.0), [1, 0, 1, -inf], (0, 1, 0, -inf), (0, 1, 0, -inf)]
[(0.0, 1.0, 1, 0.0), (0.5, 0.5, 1, -0.5), (0.0, 1.0, 1, 0.0), [1, 0, 1, -inf], (0, 1, 0, -inf)]
[[1, 0, 1, -inf], (0, 1, 0, 0), (0.0, 1.0, 1, 0.0), (1.0, 0.5, 2, -1.0), (0, 1, 0, -inf)]
[[1, 0, 1, -inf], (0.0, 1.0, 1, 0.0), [1, 0, 1, -inf], (1.0, 0.5, 2, -1.0), (0, 1, 0, -inf)]


(2, 0)
[(0, 1, 0, -inf), (0, 1, 0, -inf), (0, 1, 0, -inf), (0, 1, 0, -inf), (0, 1, 0, -inf)]
[(1.0, 0.25, 2, -1.0), (1.0, 0.25, 2, -1.0), [1, 0, 1, -inf], (0, 1, 0, -inf), (0, 1, 0, -inf)]
[(0.0, 1.0, 1, 0.0), (0.5, 0.5, 1, -0.5), (0.0, 1.0, 1, 0.0), [1, 0, 1, -inf], (0, 1, 0, -inf)]
[[1, 0, 1, -inf], (0, 1, 0, 0), (0.0, 1.0, 1, 0.0), (1.0, 0.5, 2, -1.0), (0, 1, 0, -inf)]
[[1, 0, 1, -inf], (0.0, 1.0, 1, 0.0), [1, 0, 1, -inf], (1.0, 0.5, 2, -1.0), (0, 1, 0, -inf)]


(2, 2)
[(0, 1, 0, -inf), (0, 1, 0, -inf), (0, 1, 0, -inf), (0, 1, 0, -inf), (0, 1, 0, -inf)]
[(1.0, 0.25, 2, -1.0), (1.0, 0.25, 2, -1.0), [1, 0, 1, -inf], [1, 0, 1, -inf], (0, 1, 0, -inf)]
[(0.0, 1.0, 1, 0.0), (0.5, 0.5, 1, -0.5), (0.0, 1.0, 1, 0.0), [1, 0, 1, -inf], (0, 1, 0, -inf)]
[[1, 0, 1, -inf], (0, 1, 0, 0), (0.0, 1.0, 1, 0.0), (1.0, 0.5, 2, -1.0), (0, 1, 0, -inf)]
[[1, 0, 1, -inf], (0.0, 1.0, 1, 0.0), [1, 0, 1, -inf], (1.0, 0.5, 2, -1.0), (0, 1, 0, -inf)]


(4, 1)
[(0, 1, 0, -inf), (0, 1, 0, -inf), (0, 1, 0, -inf), (0, 1, 0, -inf), (0, 1, 0, -inf)]
[(1.0, 0.25, 2, -1.0), (1.0, 0.25, 2, -1.0), [1, 0, 1, -inf], [1, 0, 1, -inf], (0, 1, 0, -inf)]
[(0.0, 1.0, 1, 0.0), (0.5, 0.5, 1, -0.5), (0.0, 1.0, 1, 0.0), [1, 0, 1, -inf], (0, 1, 0, -inf)]
[[1, 0, 1, -inf], (0, 1, 0, 0), (0.0, 1.0, 1, 0.0), (1.0, 0.5, 2, -1.0), (0, 1, 0, -inf)]
[[1, 0, 1, -inf], (0.0, 1.0, 1, 0.0), [1, 0, 1, -inf], (1.0, 0.5, 2, -1.0), (0, 1, 0, -inf)]


(3, 3)
[(0, 1, 0, -inf), (0, 1, 0, -inf), (0, 1, 0, -inf), (0, 1, 0, -inf), (0, 1, 0, -inf)]
[(1.0, 0.25, 2, -1.0), (1.0, 0.25, 2, -1.0), [1, 0, 1, -inf], [1, 0, 1, -inf], (0, 1, 0, -inf)]
[(0.0, 1.0, 1, 0.0), (0.5, 0.5, 1, -0.5), (0.0, 1.0, 1, 0.0), [1, 0, 1, -inf], (1.75, 0.25, 3, -1.75)]
[[1, 0, 1, -inf], (0, 1, 0, 0), (0.0, 1.0, 1, 0.0), (1.0, 0.5, 2, -1.0), (1.75, 0.25, 3, -1.75)]
[[1, 0, 1, -inf], (0.0, 1.0, 1, 0.0), [1, 0, 1, -inf], (1.0, 0.5, 2, -1.0), (1.0, 0.5, 3, -1.0)]


(4, 3)
[(0, 1, 0, -inf), (0, 1, 0, -inf), (0, 1, 0, -inf), (0, 1, 0, -inf), (0, 1, 0, -inf)]
[(1.0, 0.25, 2, -1.0), (1.0, 0.25, 2, -1.0), [1, 0, 1, -inf], [1, 0, 1, -inf], (0, 1, 0, -inf)]
[(0.0, 1.0, 1, 0.0), (0.5, 0.5, 1, -0.5), (0.0, 1.0, 1, 0.0), [1, 0, 1, -inf], (1.75, 0.25, 3, -1.75)]
[[1, 0, 1, -inf], (0, 1, 0, 0), (0.0, 1.0, 1, 0.0), (1.0, 0.5, 2, -1.0), (1.75, 0.25, 3, -1.75)]
[[1, 0, 1, -inf], (0.0, 1.0, 1, 0.0), [1, 0, 1, -inf], (1.0, 0.5, 2, -1.0), (1.0, 0.5, 3, -1.0)]


(1, 0)
[[1, 0, 1, -inf], (1.375, 0.125, 3, -1.375), (0, 1, 0, -inf), (0, 1, 0, -inf), (0, 1, 0, -inf)]
[(1.0, 0.25, 2, -1.0), (1.0, 0.25, 2, -1.0), [1, 0, 1, -inf], [1, 0, 1, -inf], (0, 1, 0, -inf)]
[(0.0, 1.0, 1, 0.0), (0.5, 0.5, 1, -0.5), (0.0, 1.0, 1, 0.0), [1, 0, 1, -inf], (1.75, 0.25, 3, -1.75)]
[[1, 0, 1, -inf], (0, 1, 0, 0), (0.0, 1.0, 1, 0.0), (1.0, 0.5, 2, -1.0), (1.75, 0.25, 3, -1.75)]
[[1, 0, 1, -inf], (0.0, 1.0, 1, 0.0), [1, 0, 1, -inf], (1.0, 0.5, 2, -1.0), (1.0, 0.5, 3, -1.0)]


(1, 1)
[[1, 0, 1, -inf], (1.375, 0.125, 3, -1.375), (1.0, 0.25, 3, -1.0), (0, 1, 0, -inf), (0, 1, 0, -inf)]
[(1.0, 0.25, 2, -1.0), (1.0, 0.25, 2, -1.0), [1, 0, 1, -inf], [1, 0, 1, -inf], (0, 1, 0, -inf)]
[(0.0, 1.0, 1, 0.0), (0.5, 0.5, 1, -0.5), (0.0, 1.0, 1, 0.0), [1, 0, 1, -inf], (1.75, 0.25, 3, -1.75)]
[[1, 0, 1, -inf], (0, 1, 0, 0), (0.0, 1.0, 1, 0.0), (1.0, 0.5, 2, -1.0), (1.75, 0.25, 3, -1.75)]
[[1, 0, 1, -inf], (0.0, 1.0, 1, 0.0), [1, 0, 1, -inf], (1.0, 0.5, 2, -1.0), (1.0, 0.5, 3, -1.0)]


(4, 4)
[[1, 0, 1, -inf], (1.375, 0.125, 3, -1.375), (1.0, 0.25, 3, -1.0), (0, 1, 0, -inf), (0, 1, 0, -inf)]
[(1.0, 0.25, 2, -1.0), (1.0, 0.25, 2, -1.0), [1, 0, 1, -inf], [1, 0, 1, -inf], (0, 1, 0, -inf)]
[(0.0, 1.0, 1, 0.0), (0.5, 0.5, 1, -0.5), (0.0, 1.0, 1, 0.0), [1, 0, 1, -inf], (1.75, 0.25, 3, -1.75)]
[[1, 0, 1, -inf], (0, 1, 0, 0), (0.0, 1.0, 1, 0.0), (1.0, 0.5, 2, -1.0), (1.75, 0.25, 3, -1.75)]
[[1, 0, 1, -inf], (0.0, 1.0, 1, 0.0), [1, 0, 1, -inf], (1.0, 0.5, 2, -1.0), (1.0, 0.5, 3, -1.0)]


(3, 4)
[[1, 0, 1, -inf], (1.375, 0.125, 3, -1.375), (1.0, 0.25, 3, -1.0), (0, 1, 0, -inf), (0, 1, 0, -inf)]
[(1.0, 0.25, 2, -1.0), (1.0, 0.25, 2, -1.0), [1, 0, 1, -inf], [1, 0, 1, -inf], (0, 1, 0, -inf)]
[(0.0, 1.0, 1, 0.0), (0.5, 0.5, 1, -0.5), (0.0, 1.0, 1, 0.0), [1, 0, 1, -inf], (1.75, 0.25, 3, -1.75)]
[[1, 0, 1, -inf], (0, 1, 0, 0), (0.0, 1.0, 1, 0.0), (1.0, 0.5, 2, -1.0), (1.75, 0.25, 3, -1.75)]
[[1, 0, 1, -inf], (0.0, 1.0, 1, 0.0), [1, 0, 1, -inf], (1.0, 0.5, 2, -1.0), (1.0, 0.5, 3, -1.0)]


(2, 4)
[[1, 0, 1, -inf], (1.375, 0.125, 3, -1.375), (1.0, 0.25, 3, -1.0), (0, 1, 0, -inf), (0, 1, 0, -inf)]
[(1.0, 0.25, 2, -1.0), (1.0, 0.25, 2, -1.0), [1, 0, 1, -inf], [1, 0, 1, -inf], (1.75, 0.25, 4, -2.75)]
[(0.0, 1.0, 1, 0.0), (0.5, 0.5, 1, -0.5), (0.0, 1.0, 1, 0.0), [1, 0, 1, -inf], (1.75, 0.25, 3, -1.75)]
[[1, 0, 1, -inf], (0, 1, 0, 0), (0.0, 1.0, 1, 0.0), (1.0, 0.5, 2, -1.0), (1.75, 0.25, 3, -1.75)]
[[1, 0, 1, -inf], (0.0, 1.0, 1, 0.0), [1, 0, 1, -inf], (1.0, 0.5, 2, -1.0), (1.0, 0.5, 3, -1.0)]


(0, 1)
[[1, 0, 1, -inf], (1.375, 0.125, 3, -1.375), (1.0, 0.25, 3, -1.0), (0, 1, 0, -inf), (0, 1, 0, -inf)]
[(1.0, 0.25, 2, -1.0), (1.0, 0.25, 2, -1.0), [1, 0, 1, -inf], [1, 0, 1, -inf], (1.75, 0.25, 4, -2.75)]
[(0.0, 1.0, 1, 0.0), (0.5, 0.5, 1, -0.5), (0.0, 1.0, 1, 0.0), [1, 0, 1, -inf], (1.75, 0.25, 3, -1.75)]
[[1, 0, 1, -inf], (0, 1, 0, 0), (0.0, 1.0, 1, 0.0), (1.0, 0.5, 2, -1.0), (1.75, 0.25, 3, -1.75)]
[[1, 0, 1, -inf], (0.0, 1.0, 1, 0.0), [1, 0, 1, -inf], (1.0, 0.5, 2, -1.0), (1.0, 0.5, 3, -1.0)]


(0, 2)
[[1, 0, 1, -inf], (1.375, 0.125, 3, -1.375), (1.0, 0.25, 3, -1.0), [1, 0, 1, -inf], (0, 1, 0, -inf)]
[(1.0, 0.25, 2, -1.0), (1.0, 0.25, 2, -1.0), [1, 0, 1, -inf], [1, 0, 1, -inf], (1.75, 0.25, 4, -2.75)]
[(0.0, 1.0, 1, 0.0), (0.5, 0.5, 1, -0.5), (0.0, 1.0, 1, 0.0), [1, 0, 1, -inf], (1.75, 0.25, 3, -1.75)]
[[1, 0, 1, -inf], (0, 1, 0, 0), (0.0, 1.0, 1, 0.0), (1.0, 0.5, 2, -1.0), (1.75, 0.25, 3, -1.75)]
[[1, 0, 1, -inf], (0.0, 1.0, 1, 0.0), [1, 0, 1, -inf], (1.0, 0.5, 2, -1.0), (1.0, 0.5, 3, -1.0)]


(1, 4)
[[1, 0, 1, -inf], (1.375, 0.125, 3, -1.375), (1.0, 0.25, 3, -1.0), [1, 0, 1, -inf], [1, 0, 1, -inf]]
[(1.0, 0.25, 2, -1.0), (1.0, 0.25, 2, -1.0), [1, 0, 1, -inf], [1, 0, 1, -inf], (1.75, 0.25, 4, -2.75)]
[(0.0, 1.0, 1, 0.0), (0.5, 0.5, 1, -0.5), (0.0, 1.0, 1, 0.0), [1, 0, 1, -inf], (1.75, 0.25, 3, -1.75)]
[[1, 0, 1, -inf], (0, 1, 0, 0), (0.0, 1.0, 1, 0.0), (1.0, 0.5, 2, -1.0), (1.75, 0.25, 3, -1.75)]
[[1, 0, 1, -inf], (0.0, 1.0, 1, 0.0), [1, 0, 1, -inf], (1.0, 0.5, 2, -1.0), (1.0, 0.5, 3, -1.0)]


([(3, 2), (3, 3), (2, 4), (1, 4)], -2.75, 0.25)


