Iterations 329
[[  0.          -3.85800604  -9.081571   -11.13293051 -14.4652568
  -13.70996979 -14.97280967 -15.06646526 -15.97280967 -17.08761329]
 [  0.          -6.95468278 -14.04531722 -20.36555891 -25.22356495
  -23.94864048 -30.10876133 -25.80060423 -30.49244713 -31.09969789]
 [  0.          -7.65256798 -17.39879154 -26.74018127 -35.38670695
  -39.74622356 -42.90634441 -42.93353474 -45.59818731 -46.5407855 ]
 [  0.         -11.1510574  -21.27794562 -36.59214502 -43.33534743
  -47.43504532 -59.29305136 -61.86404834 -59.32930514 -63.16616314]
 [  0.          -9.72205438 -29.02114804 -42.33534743 -56.43202417
  -60.78247734 -69.09063444 -71.82175227 -77.21450151 -77.55589124]]
