Diff iter nosell [-1, -5, -2, -21, 21, -1, -1, -6, -1, 23, 0, 18, 0, 22, 0, 1, 0, 0, -7, -29, 1, -3, 22, -53, 0, -7, -4, 4, 0, -1, 21, -26, -4, -23, 22, -3, 0, -2, 2, -1, 21, 23, -23, 0, 15, 0, -2, 0, -8, 25, -25, -25, 0, -25, 23, 23, 0, 23, 0, 22, 0, 0, 0, 1, -3, -3, 0, -1, 0, 0, 23, -2, -24, -1, 21, 44, -27, 0, -22, 0, 0, -22, -8, -1, 0, -1, -1, 45, 21, 20, -24, 0, 0, 22, 0, -30, -7, 0, -3, 0]
Diff opt nosell [-1, 21, -5, -21, 21, -1, -1, -6, -1, 23, 29, 18, 0, 22, 0, 1, 0, 0, -7, -2, 1, 25, 22, -24, 0, -1, 20, 4, -24, -1, 23, -2, -2, -25, 22, 0, 44, -2, 2, -1, 21, 23, -23, 0, -5, 0, -2, 0, -8, 47, -48, -25, 0, -25, 23, 45, 0, 23, -26, 22, 0, 0, 0, 1, -3, -3, 0, -1, -2, 0, 23, 0, -24, -1, 43, 44, 0, 0, -22, 0, 0, -2, -3, -20, 0, -1, 20, 64, 21, 20, -24, 0, 0, 22, 0, -28, -7, -2, -24, 0]
Fail Comp iter nosell [0, 0, 0, -1, 1, 0, 0, 0, 0, 1, 0, 1, 0, 1, 0, 0, 0, 0, 0, -1, 0, 0, 1, -2, 0, 0, 0, 0, 0, 0, 1, -1, 0, -1, 1, 0, 0, 0, 0, 0, 1, 1, -1, 0, 1, 0, 0, 0, 0, 1, -1, -1, 0, -1, 1, 1, 0, 1, 0, 1, 0, 0, 0, 0, 0, 0, 0, 0, 0, 0, 1, -1, -1, 0, 1, 2, -1, 0, -1, 0, 0, -1, 0, 0, 0, 0, 0, 1, 1, 1, -1, 0, 0, 1, 0, -1, 0, 0, 0, 0]
Help Cost Iter [6, 4, 2, 1, 5, 4, 3, 4, 5, 3, 2, 3, 1, 1, 1, 2, 1, 2, 10, 3, 2, 9, 7, 10, 3, 8, 4, 1, 5, 2, 10, 3, 11, 1, 2, 9, 3, 1, 1, 4, 1, 4, 3, 5, 12, 4, 6, 3, 10, 1, 2, 1, 2, 2, 1, 3, 5, 1, 1, 1, 2, 2, 2, 4, 1, 1, 4, 1, 4, 4, 3, 5, 2, 5, 3, 5, 7, 4, 1, 4, 4, 3, 14, 10, 1, 1, 3, 2, 6, 8, 2, 3, 4, 1, 2, 4, 8, 6, 8, 5]
Iter Auc Costs [11, 11, 8, 7, 12, 9, 12, 13, 8, 10, 9, 15, 8, 11, 7, 7, 8, 13, 22, 11, 6, 11, 14, 18, 13, 13, 12, 5, 9, 9, 15, 10, 18, 11, 8, 14, 6, 11, 5, 14, 12, 14, 12, 11, 17, 10, 17, 11, 16, 7, 14, 12, 12, 8, 10, 7, 11, 7, 10, 10, 6, 8, 10, 12, 10, 11, 14, 7, 11, 12, 14, 11, 9, 11, 10, 14, 11, 14, 5, 11, 8, 9, 22, 16, 6, 9, 15, 12, 14, 15, 13, 8, 12, 8, 9, 15, 18, 11, 13, 11]
Nosell Costs [10, 6, 6, 11, 8, 8, 11, 7, 7, 8, 9, 8, 8, 8, 7, 8, 8, 13, 15, 7, 7, 8, 11, 15, 13, 6, 8, 9, 9, 8, 11, 9, 14, 13, 5, 11, 6, 9, 7, 13, 8, 12, 14, 11, 7, 10, 15, 11, 8, 7, 14, 12, 12, 8, 8, 5, 11, 5, 10, 7, 6, 8, 10, 13, 7, 8, 14, 6, 11, 12, 12, 9, 10, 10, 6, 8, 9, 14, 8, 11, 8, 12, 14, 15, 6, 8, 14, 7, 10, 10, 14, 8, 12, 5, 9, 10, 11, 11, 10, 11]
Iter Auc Fails [2, 3, 2, 3, 0, 3, 1, 2, 2, 2, 3, 1, 1, 1, 2, 2, 1, 0, 0, 4, 0, 3, 0, 2, 2, 1, 2, 2, 0, 1, 0, 2, 0, 1, 1, 0, 4, 1, 2, 0, 1, 1, 1, 0, 0, 0, 1, 0, 0, 2, 1, 1, 0, 2, 1, 3, 1, 1, 1, 1, 2, 3, 0, 0, 1, 3, 1, 2, 4, 0, 0, 2, 1, 2, 2, 0, 2, 0, 2, 0, 4, 2, 0, 0, 2, 1, 2, 2, 0, 0, 1, 0, 0, 1, 2, 2, 1, 1, 0, 0]
Iter Auc Successes [2, 1, 2, 1, 4, 1, 3, 2, 2, 2, 1, 3, 3, 3, 2, 2, 3, 4, 4, 0, 4, 1, 4, 2, 2, 3, 2, 2, 4, 3, 4, 2, 4, 3, 3, 4, 0, 3, 2, 4, 3, 3, 3, 4, 4, 4, 3, 4, 4, 2, 3, 3, 4, 2, 3, 1, 3, 3, 3, 3, 2, 1, 4, 4, 3, 1, 3, 2, 0, 4, 4, 3, 3, 2, 2, 4, 2, 4, 2, 4, 0, 2, 4, 4, 2, 3, 2, 3, 4, 4, 3, 4, 4, 3, 2, 2, 3, 3, 4, 4]
Nosell Fails [2, 3, 2, 2, 1, 3, 1, 2, 2, 3, 3, 2, 1, 2, 2, 2, 1, 0, 0, 3, 0, 3, 1, 0, 2, 1, 2, 2, 0, 1, 1, 1, 0, 0, 2, 0, 4, 1, 2, 0, 2, 2, 0, 0, 1, 0, 1, 0, 0, 3, 0, 0, 0, 1, 2, 4, 1, 2, 1, 2, 2, 3, 0, 0, 1, 3, 1, 2, 4, 0, 1, 1, 0, 2, 3, 2, 1, 0, 1, 0, 4, 1, 0, 0, 2, 1, 2, 3, 1, 1, 0, 0, 0, 2, 2, 1, 1, 1, 0, 0]
Nosell Successes [2, 1, 2, 2, 3, 1, 3, 2, 2, 1, 1, 2, 3, 2, 2, 2, 3, 4, 4, 1, 4, 1, 3, 4, 2, 3, 2, 2, 4, 3, 3, 3, 4, 4, 2, 4, 0, 3, 2, 4, 2, 2, 4, 4, 3, 4, 3, 4, 4, 1, 4, 4, 4, 3, 2, 0, 3, 2, 3, 2, 2, 1, 4, 4, 3, 1, 3, 2, 0, 4, 3, 3, 4, 2, 1, 2, 3, 4, 3, 4, 0, 3, 4, 4, 2, 3, 2, 1, 3, 3, 4, 4, 4, 2, 2, 3, 3, 3, 4, 4]
Average U Diff Iter vs Nosell 0.4
Average U Diff Opt vs Nosell 3.04
Average decrease in num failures due to iterauc 0.06
Average Help Costs Iter Auc 3.86