Diff iter nosell [0, 20, 19, -2, -4, 18, -9, -9, -2, 44, 18, -6, -9, -4, 17, -9, -5, 21, 17, -9, 21, 10, -13, -3, -9, 18, 22, -4, -4, -3, 21, 19, -5, -2, -3, -8, -9, -7, 17, -11, -9, 19, 21, -7, -7, -7, -10, -5, -4, -6, -5, 14, 1, 50, -5, 20, -4, 19, 5, -11, 16, 22, -2, -3, 21, 18, 18, 21, -3, 18, -3, -3, -5, -2, -7, -3, -4, 16, -7, -10, 11, 12, 18, 17, -4, 13, -11, -4, -7, -11, -4, 18, 2, -2, -3, 20, 24, -3, 45, 21]
Diff opt nosell [0, 19, 17, -2, -5, 17, 21, -5, -2, 44, 41, 20, 18, -4, 18, 17, -5, 21, 17, 43, 21, 16, 13, -4, 37, 17, 22, -4, -4, -3, 45, 20, 21, -2, -4, 16, 18, -7, 21, -3, -7, 19, 20, -6, -9, -7, -2, -5, -4, -5, -3, 41, 2, 50, 21, 48, -2, 19, 5, 16, 14, 21, -2, -3, 21, 16, 19, 21, -3, 20, -4, -4, -4, -2, -8, -4, -4, 18, 22, -10, 39, 44, 18, 19, -4, 44, 15, -4, -6, 21, -5, 18, 2, -2, -5, 20, 24, -3, 45, 20]
Fail Comp iter nosell [0, 1, 1, 0, 0, 1, 0, 0, 0, 0, 1, 0, 0, 0, 1, 0, 0, 1, 1, 0, 1, 1, 0, 0, 0, 1, 0, 0, 0, 0, 0, 1, 0, 0, 0, 0, 0, 0, 1, 0, 0, 1, 1, 0, 0, 0, 0, 0, 0, 0, 0, 1, 0, 0, 0, 1, 0, 1, 0, 0, 1, 1, 0, 0, 1, 1, 1, 0, 0, 1, 0, 0, 0, 0, 0, 0, 0, 1, 0, 0, 1, 1, 1, 1, 0, 1, 0, 0, 0, 0, 0, 1, 0, 0, 0, 1, 0, 0, 2, 1]
Help Cost Iter [4, 2, 3, 2, 3, 5, 8, 9, 2, 1, 4, 6, 10, 4, 5, 9, 5, 3, 5, 9, 3, 10, 10, 3, 8, 4, 1, 4, 4, 3, 4, 4, 6, 2, 3, 8, 9, 5, 6, 11, 9, 3, 2, 7, 7, 4, 10, 4, 4, 5, 5, 7, 2, 1, 5, 6, 4, 4, 2, 6, 5, 2, 2, 3, 3, 4, 6, 1, 3, 5, 3, 6, 5, 2, 7, 3, 4, 6, 5, 4, 10, 10, 2, 6, 4, 10, 11, 4, 7, 11, 4, 5, 1, 2, 3, 5, 1, 3, 1, 2]
Iter Auc Costs [14, 10, 12, 5, 11, 9, 11, 14, 11, 11, 13, 10, 14, 11, 10, 13, 10, 8, 11, 11, 11, 16, 14, 8, 11, 16, 12, 10, 10, 9, 10, 12, 12, 11, 7, 11, 13, 14, 11, 13, 13, 19, 7, 12, 13, 14, 20, 12, 14, 10, 15, 12, 9, 7, 11, 9, 12, 10, 8, 13, 16, 7, 7, 14, 11, 16, 10, 10, 13, 11, 9, 8, 10, 9, 11, 9, 11, 13, 8, 15, 15, 14, 11, 13, 11, 13, 14, 12, 14, 15, 10, 18, 10, 9, 8, 12, 8, 12, 11, 11]
Nosell Costs [14, 5, 6, 3, 7, 2, 2, 5, 9, 5, 6, 4, 5, 7, 2, 4, 5, 4, 3, 2, 7, 1, 1, 5, 2, 9, 9, 6, 6, 6, 6, 6, 7, 9, 4, 3, 4, 7, 3, 2, 4, 13, 3, 5, 6, 7, 10, 7, 10, 4, 10, 1, 10, 7, 6, 4, 8, 4, 13, 2, 7, 4, 5, 11, 7, 9, 3, 6, 10, 4, 6, 5, 5, 7, 4, 6, 7, 4, 1, 5, 1, 1, 4, 5, 7, 1, 3, 8, 7, 4, 6, 11, 12, 7, 5, 7, 7, 9, 6, 7]
Iter Auc Fails [0, 1, 0, 1, 1, 1, 1, 0, 0, 0, 0, 0, 0, 0, 0, 0, 0, 0, 0, 0, 0, 0, 1, 1, 2, 0, 0, 0, 0, 0, 0, 0, 0, 0, 2, 0, 0, 1, 0, 0, 0, 0, 0, 0, 1, 2, 0, 1, 0, 2, 0, 0, 0, 0, 0, 0, 0, 0, 0, 1, 0, 0, 1, 0, 0, 0, 1, 0, 0, 0, 0, 2, 0, 0, 0, 1, 0, 0, 1, 2, 0, 0, 1, 0, 0, 0, 0, 0, 0, 0, 0, 0, 0, 0, 1, 0, 0, 0, 0, 0]
Iter Auc Successes [3, 2, 3, 2, 2, 1, 0, 2, 3, 3, 2, 2, 1, 3, 2, 1, 2, 3, 2, 1, 3, 1, 0, 2, 0, 3, 3, 3, 3, 3, 2, 2, 2, 3, 1, 1, 1, 2, 2, 1, 1, 3, 3, 2, 1, 1, 2, 2, 3, 0, 3, 1, 3, 3, 2, 2, 2, 3, 3, 0, 3, 3, 2, 3, 3, 3, 1, 3, 3, 2, 3, 0, 2, 3, 2, 2, 3, 2, 0, 1, 1, 1, 2, 2, 3, 1, 1, 3, 2, 1, 2, 3, 3, 3, 2, 3, 3, 3, 3, 3]
Nosell Fails [0, 2, 1, 1, 1, 2, 1, 0, 0, 0, 1, 0, 0, 0, 1, 0, 0, 1, 1, 0, 1, 1, 1, 1, 2, 1, 0, 0, 0, 0, 0, 1, 0, 0, 2, 0, 0, 1, 1, 0, 0, 1, 1, 0, 1, 2, 0, 1, 0, 2, 0, 1, 0, 0, 0, 1, 0, 1, 0, 1, 1, 1, 1, 0, 1, 1, 2, 0, 0, 1, 0, 2, 0, 0, 0, 1, 0, 1, 1, 2, 1, 1, 2, 1, 0, 1, 0, 0, 0, 0, 0, 1, 0, 0, 1, 1, 0, 0, 2, 1]
Nosell Successes [3, 1, 2, 2, 2, 0, 0, 2, 3, 1, 1, 2, 1, 3, 1, 1, 2, 2, 1, 1, 2, 0, 0, 2, 0, 2, 2, 3, 3, 3, 1, 1, 2, 3, 1, 1, 1, 2, 1, 1, 1, 2, 2, 2, 1, 1, 2, 2, 3, 0, 3, 0, 3, 1, 2, 1, 2, 2, 3, 0, 2, 2, 2, 3, 2, 2, 0, 2, 3, 1, 3, 0, 2, 3, 2, 2, 3, 1, 0, 1, 0, 0, 1, 1, 3, 0, 1, 3, 2, 1, 2, 2, 3, 3, 2, 2, 2, 3, 1, 2]
Average U Diff Iter vs Nosell 4.72
11.41
Average decrease in num failures due to iterauc 0.34
Average Help Costs Iter Auc 4.85